* 140 8560          74610 41998
/ 141 9560          41998 49604
/ 142 12128         49604 42554
/ 143 6238          42554 48551
/ 144 4496          48551 88717
* 148 6054
* 155 6182
* 161 6032
191 21350           5989787 6072095
286 17768           5402984 5472028
385 28026           8684095 7743279
* 393 6192          118148  148205**
429 10302           4695464 5521353
461 18568           7680679 7606464
532 17468           4829456 5115258
580 21002           7208597 7014464
677 18794           6892331 6467730
732 24096           8547264 7597148
* 739 6292          819031 580165
/ 740 6860          580165 583946
/ 741 3476          583946 237283
/ 743 5850          237283 398931 
/ 744 3522          398931 224918
* 745 7092          224918 2525784
/ 746 11276         2525784 75156
/ 747 14304         75156 400850
/ 749 24234         400850 1842494
* 750 22770         1842498 293020
/ 751 17776         293020 166731
/ 752 7906          166731 1522206
/ 753 9046          1522206 620298
* 755 9628          620298 180798
/ 756 7202          180798 201110
/ 757 9578          201110 1153411
/ 758 12242         1153411 528514
/ 759 5922          528514 1809760
/ 761 4842          1809760 50984
/ 762 3556          50984 85756
/ 763 4372          85756 238157
/ 764 4018          238157 319744
/ 765 4212          319744 436481
* 774 7310
* 779 8434
795 25698
* 889 6268
* 894 6292
* 901 6152
* 906 11644
* 1054 34720
* 1062 35922
* 1069 17962
1104 7528
1221 7064
1299 11394
1334 10850
1413 7260
1455 6080             4235182 4349104
1487 8618
1516 12696
1591 7944
1637 10720            1074256 2353982
1678 9640             2884358 3613726
1730 7200
1780 14760
1820 11800
1853 13424
1905 9446
1932 13996
1993 17316
2028 12892
2078 14422
2254 13452
2301 12542
* 2307 6806           457662 390648
/ 2308 4978           390648 374899
/ 2309 2806           374899 399132
/ 2310 1416           399132 172469
/ 2312 1276           172469 451843
/ 2313 2160           451843 748796
* 2314 6538           748796 1591616
/ 2315 10978          1591616 579488
/ 2316 10518          579488 1845607
/ 2318 2254           1845607 85000
/ 2319 2200           85000 126842
/ 2320 878            126842 3087140
2321 13660            3087140 3589985
/ 2322 312            3589985 56473
2343 18100            4379055 3537068
/ 2344 3752           3537068 1020172 ****
/ 2345 8548           1020172 717476
/ 2346 5080           717476 768391
* 2348 7044           768391 981825
2354 15028
2415 12748
2520 8780
2581 7762
2626 23612
/ 2677 4246           1909784 1022523 ***** (Missed cut!)
2723 10328
2836 13154
2892 15762
2946 17098
* 2998 6098
* 3003 6054
3008 6396
3084 14760
3126 18154
3271 6176
3314 19736
3344 18130
3407 17806
3435 12354
3474 16644
3511 14660
3524 13630
3567 22282
3587 14554
3684 9560
3797 13618
3873 12692
3913 16078
3958 12420
3990 7562
* 4037 6238         470857 361033
4090 11092
4484 12856
4547 9904
4608 7026
4657 11712
4707 18178
4741 21562
4794 10996
4838 9452
* 4850 8358         965491 1072123 ***
4864 25968
4882 21978
4897 22922
4912 35784
4930 15246
4959 18630
5010 10870
5063 46116
* 5069 25020        1079293 782477
5437 17464
5479 10240
5522 20540
* 5530 8048         401023 450400
/ 5531 4470         450400 230278
/ 5532 8972         230278 30702
/ 5533 5354         30702 463050
/ 5534 6018         463050 296885
* 5536 7044         296885 80190
/ 5537 6536         80190 338765
/ 5538 5860         338765 31835
/ 5539 7036         31835 141380
/ 5540 7568         141380 414709
* 5542 6946         414709 116984
/ 5543 5890         116984 210572
/ 5544 9790         210572 187293
/ 5545 8958         187293 290100
/ 5546 4724         290100 46383
/ 5548 4708         46383 92472
/ 5549 4698         92472 146308
/ 5550 3000         146308 267529
/ 5551 3452         267529 105413
/ 5552 5216         105413 67129
/ 5554 5448         67129 211251
* 5555 6086         211251 46965
5563 14964
5595 10232
5628 27186
5657 7132
5689 18904
5733 18896
5760 17290
5796 6466
5823 12048
* 5833 8312         116209 207104
5860 11240
5930 10984
5976 14336
5990 21302
5995 12476
6007 16280
6032 14392
6047 41532
6086 7796
6152 13818
6243 39842
6311 12570
6441 10986
6479 25278
6529 18364
6586 24864
6623 14750
* 6659 14552        85029 106768
* 6666 6408         72557 69557
6673 25160

missed 5895 - 3926      2237596 2464460!!!
missed 6111 - 5836      2083767 2350657!!!
missed 6185 - 1930      1302572 1340685!!!
