140 8560
141 9560
142 12128
143 6238
148 6054
149 7194
150 8592
151 7508
152 7746
155 6182
161 6032
162 6418
191 21350
286 17768
385 28026
393 6192
394 6356
429 10302
461 18568
532 17468
580 21002
677 18794
732 24096
739 6292
740 6860
745 7092
746 11726
747 14304
749 24234
750 22770
751 17776
752 7906
753 9046
755 9628
756 7202
757 9578
758 12242
774 7310
775 9334
776 9992
777 9568
779 8434
780 6102
795 25698
889 6268
894 6292
896 9238
897 7192
901 6152
902 8648
903 8938
906 11644
907 8980
908 8754
909 7078
1054 34720
1062 35922
1069 17962
1070 19990
1104 7528
1221 7064
1299 11394
1334 10850
1413 7260
1455 6080
1487 8618
1516 12696
1591 7944
1637 10720
1678 9640
1730 7200
1780 14760
1820 11800
1853 13424
1905 9446
1932 13996
1993 17316
2028 12892
2078 14422
2254 13452
2301 12542
2304 6284
2307 6806
2314 6538
2315 10978
2316 10518
2321 13660
2343 18100
2345 8548
2348 7044
2354 15028
2415 12748
2520 8780
2581 7762
2626 23612
2723 10328
2836 13154
2892 15762
2946 17098
2998 6098
3000 6204
3001 6086
3002 6164
3003 6054
3005 6148
3008 6396
3084 14760
3126 18154
3271 6176
3314 19736
3344 18130
3407 17806
3435 12354
3474 16644
3511 14660
3524 13630
3527 6072
3567 22282
3587 14554
3684 9560
3797 13618
3873 12692
3913 16078
3958 12420
3990 7562
4037 6238
4038 6976
4039 8784
4090 11092
4484 12856
4547 9904
4608 7026
4657 11712
4707 18178
4741 21562
4794 10996
4838 9452
4842 6850
4850 8358
4864 25968
4882 21978
4897 22922
4912 35784
4930 15246
4959 18630
5010 10870
5063 46116
5066 28128
5069 25020
5070 11600
5072 21882
5437 17464
5479 10240
5522 20540
5526 6550
5530 8048
5532 8972
5534 6018
5536 7044
5537 6536
5539 7036
5540 7568
5542 6946
5544 9790
5545 8958
5555 6086
5563 14964
5595 10232
5628 27186
5657 7132
5689 18904
5733 18896
5760 17290
5796 6466
5823 12048
5833 8312
5860 11240
5930 10984
5976 14336
5990 21302
5995 12476
6007 16280
6032 14392
6047 41532
6086 7796
6152 13818
6243 39842
6311 12570
6441 10986
6479 25278
6529 18364
6586 24864
6623 14750
6659 14552
6660 28316
6661 14542
6666 6408
6667 15598
6668 37626
6673 25160
6675 32442
6676 32466
140 8560
141 9560
142 12128
143 6238
148 6054
149 7194
150 8592
151 7508
152 7746
155 6182
161 6032
162 6418
191 21350
392 19138
393 6192
394 6356
429 10302
461 18568
730 23100
732 24096
739 6292
740 6860
745 7092
746 11726
747 14304
747 14304
746 14304
745 11726
744 7092
745 7092
746 11726
747 14304
749 24234
750 22770
751 17776
752 7906
753 9046
755 9628
756 7202
757 9578
758 12242
757 12242
756 9578
755 7202
754 9628
752 9046
751 7906
750 17776
749 22770
748 24234
746 14304
745 11726
744 7092
745 7092
746 11726
747 14304
749 24234
750 22770
751 17776
752 7906
753 9046
755 9628
756 7202
757 9578
758 12242
757 12242
756 9578
755 7202
754 9628
752 9046
751 7906
750 17776
749 22770
748 24234
746 14304
745 11726
744 7092
777 31394
779 8434
780 6102
5974 18178
5976 14336
5990 21302
5995 12476
5994 12476
5989 22012
5990 21302
5995 12476
5994 12476
5989 21302
5990 21302
5995 12476
5995 12476
5994 12476
5989 21302
5990 21302
5995 12476
5994 12476
5995 12476
