191 21350
286 17768
385 28026
429 10302
461 18568
532 17468
580 21002
677 18794
732 24096
795 25698
1055 4704
1104 7528
1221 7064
1299 11394
1334 10850
1413 7260
1455 6080
1487 8618
1516 12696
1591 7944
1637 10720
1678 9640
1730 7200
1780 14760
1820 11800
1853 13424
1905 9446
1932 13996
1993 17316
2028 12892
2078 14422
2254 13452
2301 12542
2321 13660
2343 18100
* 2344 3752      3537068 1020172 (Fast movement)
2354 15028
2415 12748
2520 8780
2581 7762
2626 23612
2677 4246
2723 10328
2836 13154
* 2884 750       1338436 1108365 (caused by laggy frame)
2892 15762
2946 17098
* 2998 6098      1609095 1593850 (in dither dissolve)
* 2999 284
* 3004 78
* 3005 6148
3008 6396
* 3046 328
3084 14760
3126 18154
3271 6176
* 3286 240       (caused by sudden stop sudden move)
* 3292 204
* 3298 338
3314 19736
3344 18130
* 3406 172
3407 17806
3435 12354
* 3472 178
* 3473 1424
3474 16644
3511 14660
3524 13630
* 3525 3288       (if frame is detected as cut, skip next 5 frames!)
* 3526 106
* 3532 116
* 3544 286
* 3550 118
* 3556 172
* 3562 164
3567 22282
3587 14554
* 3604 196
* 3610 208
* 3616 246
* 3628 160
* 3634 216
* 3640 154
3684 9560
* 3724 276
3797 13618
3873 12692
3913 16078
* 3916 156
* 3922 152
* 3928 108
* 3934 130
* 3940 198
3958 12420
3990 7562
* 4011 214
* 4017 270
* 4023 156
* 4029 338
* 4035 106
* 4040 4032         1184597 2414623 (Increase threshold)
* 4041 168
4090 11092
* 4110 1470
* 4116 160
* 4122 180
* 4134 188
* 4146 128
* 4152 158
* 4158 282
* 4164 216
* 4182 194
* 4194 112
* 4224 146
* 4302 166
* 4308 238
* 4344 114
* 4350 78
* 4368 146
* 4380 410
* 4386 270
* 4392 168
* 4404 136
* 4416 154
4484 12856
4547 9904
4608 7026
4657 11712
4707 18178
4741 21562
4794 10996
4838 9452
* 4842 6850          1237500 1027162 (Increase threshold more than 1020000++++)
4864 25968
4882 21978
4897 22922
4912 35784
4930 15246
4959 18630
5010 10870
5063 46116
* 5077 732
* 5078 4666        In dissolve
5437 17464
5479 10240
5522 20540
5563 14964
5595 10232
5628 27186
5657 7132
5689 18904
5733 18896
5760 17290
5796 6466
5823 12048
5860 11240
5895 3926
5930 10984
5976 14336
5990 21302
5995 12476
6007 16280
6032 14392
6047 41532
6086 7796
6111 5836
6152 13818
6185 1930
6243 39842
6311 12570
6441 10986
6479 25278
6529 18364
6586 24864
6623 14750
6673 25160
