191 21350
286 17768
385 28026
429 10302
461 18568
532 17468
580 21002
677 18794
732 24096
795 25698
1055 4704
1104 7528
1221 7064
1299 11394
1334 10850
1413 7260
1455 6080
1487 8618
1516 12696
1591 7944
1637 10720
1678 9640
1730 7200
1780 14760
1820 11800
1853 13424
1905 9446
1932 13996
1993 17316
2028 12892
2078 14422
2254 13452
2301 12542
2321 13660
2343 18100
2354 15028
2415 12748
2520 8780
2581 7762
2626 23612
2677 4246
2723 10328
2836 13154
2892 15762
2946 17098
* 2998 6098
* 3005 6148
3084 14760
3126 18154
3271 6176
3314 19736
3344 18130
3407 17806
3435 12354
3474 16644
3511 14660
3524 13630
3567 22282
3587 14554
3684 9560
3797 13618
3873 12692
3913 16078
3958 12420
3990 7562
* 4040 4032
4090 11092
4484 12856
4547 9904
4608 7026
4657 11712
4707 18178
4741 21562
4794 10996
4838 9452
4864 25968
4882 21978
4897 22922
4912 35784
4930 15246
4959 18630
5010 10870
5063 46116
* 5078 4666
5437 17464
5479 10240
5522 20540
5563 14964
5595 10232
5628 27186
5657 7132
5689 18904
5733 18896
5760 17290
5796 6466
5823 12048
5860 11240
5895 3926
5930 10984
5976 14336
5990 21302
6007 16280
6032 14392
6047 41532
6086 7796
6111 5836
6152 13818
6185 1930
6243 39842
6311 12570
6441 10986
6479 25278
6529 18364
6586 24864
6623 14750
6673 25160


Missed 3008 (Caused by 5 frame skip after detecting 3005 which is in dissolve)
Missed 5995 (Too many frame skips (5))